var bare_2022 = 
    /* color: #ff0000 */
    /* shown: false */
    ee.Geometry.MultiPolygon(
        [[[[-46.64231804780919, -23.512428427913324],
           [-46.64229659013707, -23.513235146277776],
           [-46.641695775317736, -23.513235146277776],
           [-46.64163140230138, -23.512526808466266]]],
         [[[-46.64851931505162, -23.51227101887576],
           [-46.648712434100695, -23.512526808466266],
           [-46.6484978573795, -23.512900653897123],
           [-46.64836911134679, -23.512605512855686]]],
         [[[-46.6484978573795, -23.51126753183847],
           [-46.648733891772814, -23.51150364712338],
           [-46.64851931505162, -23.511857819257013],
           [-46.64839056901891, -23.5115429996297]]],
         [[[-46.64963511400182, -23.511720085762658],
           [-46.64989260606725, -23.512093933483623],
           [-46.64963511400182, -23.512349723418055],
           [-46.649441994952745, -23.512034904966647]]],
         [[[-46.6486051457401, -23.513510609953318],
           [-46.6486051457401, -23.51402218382199],
           [-46.648240365314074, -23.51402218382199],
           [-46.648218907641954, -23.513668017509197],
           [-46.648240365314074, -23.51333352622805]]],
         [[[-46.682921018469635, -23.501308566512723],
           [-46.68298539148599, -23.50178083236166],
           [-46.682642068732086, -23.50162341060009],
           [-46.682663526404205, -23.5013872776051]]],
         [[[-46.74115391888649, -23.502527148784726],
           [-46.74145432629616, -23.502664891891577],
           [-46.74143286862404, -23.502881345054288],
           [-46.74113246121437, -23.502763279736893]]],
         [[[-46.75848972473924, -23.49858996863539],
           [-46.75870430146043, -23.499081922340867],
           [-46.75846826706712, -23.499042566112006],
           [-46.75829660569017, -23.49872771585805]]],
         [[[-46.7765405448266, -23.4944181273959],
           [-46.77690532525263, -23.49504784774316],
           [-46.7766478331872, -23.49504784774316],
           [-46.77636888344965, -23.494555878978943]]],
         [[[-46.774201658565616, -23.492135365917164],
           [-46.77409437020502, -23.49239119460154],
           [-46.773751047451114, -23.49229279901245],
           [-46.77368667443476, -23.49193857428362]]],
         [[[-46.69225232956941, -23.448327609963943],
           [-46.69238107560213, -23.448642580514004],
           [-46.691973379831865, -23.448681951779953],
           [-46.691973379831865, -23.44846540967201]]],
         [[[-46.68806808350618, -23.44622122510593],
           [-46.68785350678499, -23.446418084926638],
           [-46.68740289567049, -23.44622122510593],
           [-46.687746218424394, -23.445984992933866]]],
         [[[-46.68157018044066, -23.44507943236114],
           [-46.6820637068994, -23.44527629388323],
           [-46.68223536827635, -23.445709388199255],
           [-46.68182767250609, -23.445925934824853],
           [-46.68159163811278, -23.446024364991874],
           [-46.68146289208006, -23.44584719063842]]],
         [[[-46.72829021162312, -23.410484443137367],
           [-46.72897685713093, -23.411213019901957],
           [-46.72766793913166, -23.41196128375508],
           [-46.72698129362385, -23.411193328690803],
           [-46.72674525923054, -23.410720738743777],
           [-46.727861058180736, -23.41095703392825]]],
         [[[-46.72631610578816, -23.40623105007645],
           [-46.726359021132396, -23.406664272288467],
           [-46.725886952345775, -23.406920266565436],
           [-46.7258011216573, -23.406546120916712]]]]),
    notbare_2022 = 
    /* color: #00ff00 */
    /* shown: false */
    ee.Geometry.MultiPolygon(
        [[[[-46.73944604281906, -23.43391267708875],
           [-46.73953187350754, -23.435684569949153],
           [-46.73856627826218, -23.43580269529532],
           [-46.7384804475737, -23.433794550053545]]],
         [[[-46.72742974643234, -23.431195728572852],
           [-46.728137849612274, -23.43306609767054],
           [-46.72607791308884, -23.43420799421492],
           [-46.725026487155, -23.43312516152682],
           [-46.72471481910365, -23.43148637369618],
           [-46.72728973975795, -23.431191050490018]]],
         [[[-46.7330785294037, -23.437464923097895],
           [-46.733657886550915, -23.43933520348783],
           [-46.73245625691224, -23.438941462447374],
           [-46.73234896855165, -23.438075228029106]]],
         [[[-46.68380307277993, -23.450922756015736],
           [-46.68515490612344, -23.452123553618467],
           [-46.68212937435464, -23.45243851511676],
           [-46.68159293255166, -23.45086370011426]]],
         [[[-46.624386266397195, -23.47748650185593],
           [-46.624858335183816, -23.48158015599298],
           [-46.620674089120584, -23.482564188526272],
           [-46.619172052072244, -23.480222179039888],
           [-46.622154668496805, -23.47874610127617]]],
         [[[-46.61035294883128, -23.480714201290272],
           [-46.61151166312571, -23.482111534472853],
           [-46.608946214022, -23.482997160514895]]],
         [[[-46.60620658260251, -23.49418223301172],
           [-46.60618512493039, -23.495992674141103],
           [-46.602880643424044, -23.496858528498887],
           [-46.6009279952612, -23.495540066190166],
           [-46.60064904552365, -23.493552508528875],
           [-46.603095220145235, -23.493414755897216],
           [-46.60579888683225, -23.49374929775295]]],
         [[[-46.59215180736447, -23.496051709846192],
           [-46.59491984706784, -23.49786212529557],
           [-46.59316031795407, -23.498944427001067],
           [-46.59092872005368, -23.49788180358773],
           [-46.59054248195554, -23.49670110085694]]],
         [[[-46.60481407934277, -23.516679543040627],
           [-46.60592987829297, -23.519493107007772],
           [-46.602561023770264, -23.51894220411181],
           [-46.60238936239331, -23.51689597317274],
           [-46.60339787298291, -23.51569576522904]]],
         [[[-46.6126890450105, -23.51711240294911],
           [-46.61118700796216, -23.519847257652096],
           [-46.60792544180005, -23.518725777343388],
           [-46.60738899999707, -23.51636473494064]]],
         [[[-46.74687076581194, -23.436334894283707],
           [-46.74923110974505, -23.437063328652535],
           [-46.749016533023855, -23.438972988884778],
           [-46.74584079755022, -23.438992675959966],
           [-46.74498249066546, -23.43696489181027],
           [-46.74566913617327, -23.435941144304703]]],
         [[[-46.74197151333355, -23.44111218619241],
           [-46.74197151333355, -23.441643727588435],
           [-46.74055530697369, -23.441407487231942],
           [-46.74149944454693, -23.4411318729489]]],
         [[[-46.74244824836619, -23.461275638236433],
           [-46.744744219282936, -23.4617480474577],
           [-46.74480859229929, -23.46351956698101],
           [-46.741032042006324, -23.46365735083636],
           [-46.740538515547584, -23.462535392403073],
           [-46.742298044661354, -23.461334689481546]]],
         [[[-46.71869761777583, -23.46976906475928],
           [-46.723568509346876, -23.46965096978945],
           [-46.72378308606807, -23.472603312328996],
           [-46.71640164685908, -23.474551822218125],
           [-46.71298987699214, -23.470950008644955]]],
         [[[-46.702281669591265, -23.475665049007194],
           [-46.70487804791768, -23.47745606305524],
           [-46.704749301884966, -23.48085743156241],
           [-46.70183105847676, -23.481821788801557],
           [-46.700307563756304, -23.479932429217893],
           [-46.700565055821734, -23.477472285030736]]]]);
