var REMOVE = 
    /* color: #d63000 */
    /* shown: false */
    ee.Geometry.MultiPolygon(
        [[[[-46.930616368136064, -23.526808397305665],
           [-46.9352512253138, -23.52657230946804],
           [-46.93593787082161, -23.528067525286687],
           [-46.93276213534798, -23.53109725261773],
           [-46.92945765384163, -23.53042835777898]]],
         [[[-46.9456796539637, -23.52094542401166],
           [-46.94168852694954, -23.521535668044507],
           [-46.94228934176888, -23.518859873900112],
           [-46.94718169101204, -23.519253376449967]]],
         [[[-46.90581551867532, -23.558188917121296],
           [-46.90744630175637, -23.559939470903714],
           [-46.90407744723367, -23.561729338859365],
           [-46.90210334139871, -23.559762449671055],
           [-46.904420769987574, -23.557874208350196]]],
         [[[-46.84383324195525, -23.50695085457474],
           [-46.84389761497161, -23.50998106790136],
           [-46.84014252235076, -23.509961391416322],
           [-46.84000304973543, -23.508584022243056],
           [-46.840550218121024, -23.507049239219224]]],
         [[[-46.84574169108864, -23.466966283709603],
           [-46.84797328898903, -23.46806852174124],
           [-46.84947532603737, -23.471650731764417],
           [-46.84956115672585, -23.472674202481034],
           [-46.843424262499774, -23.47476048358643],
           [-46.84273761699196, -23.472674202481034],
           [-46.844411315417254, -23.46732057550941]]],
         [[[-46.89985794017311, -23.410700562324283],
           [-46.90226119945046, -23.410582414555805],
           [-46.90363449046608, -23.411980489721604],
           [-46.903591575121844, -23.41280751314813],
           [-46.90140289256569, -23.413477004517077],
           [-46.89975065181252, -23.413181641095402],
           [-46.899300040698016, -23.412512148232018],
           [-46.898849429583514, -23.411429137899013]]],
         [[[-46.83436890410805, -23.405307779015345],
           [-46.83552761840248, -23.406056076255933],
           [-46.83552761840248, -23.407119438741745],
           [-46.83072109984779, -23.40849785887876],
           [-46.82896157073402, -23.40798587593227],
           [-46.82926197814369, -23.40731635678309],
           [-46.83003445433998, -23.405622852053295]]],
         [[[-46.84664402655119, -23.35212721081828],
           [-46.84359703711027, -23.35311220672836],
           [-46.84132252386564, -23.35224541071352],
           [-46.83544879225737, -23.349606889512714],
           [-46.83283095625883, -23.348897674462435],
           [-46.831243088522015, -23.345863767302127],
           [-46.83145766524321, -23.34346023318325],
           [-46.83210139540678, -23.342632776942207],
           [-46.833517601766644, -23.341647703264528],
           [-46.83785205153471, -23.343105609711426],
           [-46.844203522481976, -23.346572998563012]]],
         [[[-46.84681956974647, -23.35023565747394],
           [-46.84784953800819, -23.346295544572186],
           [-46.84943740574501, -23.345034683742202],
           [-46.85162608830116, -23.346453151333876],
           [-46.855273892561414, -23.347280583762664],
           [-46.85810630528114, -23.348974834070912],
           [-46.858492543379285, -23.351654069485285],
           [-46.85578887669227, -23.357997337688325],
           [-46.85394351689003, -23.360203620760462],
           [-46.84930865971229, -23.359849042027083],
           [-46.84887950626991, -23.355869815691428],
           [-46.8496519824662, -23.353190665389995]]],
         [[[-46.85454433170936, -23.341803673204453],
           [-46.8545872470536, -23.345034683742202],
           [-46.852741887251355, -23.345074085824415],
           [-46.852484395185925, -23.344719466663495],
           [-46.852484395185925, -23.34314337004312],
           [-46.85334270207069, -23.343064564720933],
           [-46.85338561741493, -23.341803673204453]]],
         [[[-46.85089652744911, -23.341646060922947],
           [-46.847978284040906, -23.342631134612798],
           [-46.84591834751747, -23.33991231347803],
           [-46.84634750095985, -23.33742986295294],
           [-46.85089652744911, -23.33459271981568],
           [-46.85415809361122, -23.338887815710812]]],
         [[[-46.87580919543321, -23.353758980940412],
           [-46.87443590441759, -23.353640782393338],
           [-46.87404966631944, -23.35072518490483],
           [-46.87443590441759, -23.35033118033129],
           [-46.87645292559679, -23.350449381826177],
           [-46.87662458697374, -23.353128587472725]]],
         [[[-46.93081058006276, -23.504744686378654],
           [-46.9348875377654, -23.511434786853602],
           [-46.93454421501149, -23.514386193739764],
           [-46.923257479476824, -23.514897764206886],
           [-46.916262278365984, -23.510923202933817],
           [-46.91815055351247, -23.507420767343284],
           [-46.92458785514821, -23.506633690349886],
           [-46.926733622360125, -23.506043379518633],
           [-46.92789233665456, -23.504941458889483]]],
         [[[-46.91185109219287, -23.51330090090987],
           [-46.9120012958977, -23.515622646976237],
           [-46.91174380383227, -23.51680318012365],
           [-46.907709761473875, -23.515642322615438],
           [-46.90676562390063, -23.512986084732308],
           [-46.909984274718504, -23.513025436795665],
           [-46.9116579731438, -23.51304511282293]]],
         [[[-46.91415836562546, -23.511444553397595],
           [-46.91398670424851, -23.5131367013106],
           [-46.912570497888645, -23.513057997238636],
           [-46.90720607985886, -23.512939941042486],
           [-46.904073259729465, -23.5131367013106],
           [-46.89986755599411, -23.511916782909346],
           [-46.8991809104863, -23.511562610934273],
           [-46.89991047133835, -23.50920144009364],
           [-46.90141250838669, -23.507981485241242],
           [-46.912570497888645, -23.510736205955123]]],
         [[[-46.93898169783323, -23.52472438611943],
           [-46.93863837507932, -23.526731147416736],
           [-46.93735091475217, -23.52736071328271],
           [-46.93640677717893, -23.526691799450138],
           [-46.9361492851135, -23.52527526481659],
           [-46.93640677717893, -23.524134156385276]]],
         [[[-46.941041634356665, -23.52259954668947],
           [-46.94048373488157, -23.52472438611943],
           [-46.93696467665403, -23.52393741255235],
           [-46.93743674544065, -23.52181256041805],
           [-46.939067528521704, -23.521969958048743]]],
         [[[-46.94541899946897, -23.524370248596558],
           [-46.94546191481321, -23.525314613206728],
           [-46.94494693068235, -23.52637701529362],
           [-46.944818184649634, -23.526849191246022],
           [-46.943273232257056, -23.526849191246022],
           [-46.94340197828977, -23.525235916414683],
           [-46.94387404707639, -23.524016110120808]]],
         [[[-46.640033464887814, -23.511735933911314],
           [-46.638273935774045, -23.514254466167554],
           [-46.63831685111828, -23.51755996665408],
           [-46.63046334312268, -23.51822892689403],
           [-46.63046334312268, -23.516103982617917],
           [-46.63136456535168, -23.515749821904386],
           [-46.631278734663205, -23.511735933911314],
           [-46.63582776115246, -23.511460466523616]]],
         [[[-46.57202972419939, -23.70538573024413],
           [-46.57248033531389, -23.704226541659196],
           [-46.57410038618932, -23.70410866541663],
           [-46.57567752845964, -23.70477666633925],
           [-46.57557024009905, -23.705916202941815],
           [-46.57469047554216, -23.70654490853169],
           [-46.573875084001635, -23.70623055611541],
           [-46.573853626329516, -23.70536608306576],
           [-46.57217992790422, -23.70536608306576]]],
         [[[-46.72972675315793, -23.661424150798823],
           [-46.730027160567595, -23.66205307057136],
           [-46.72955509178097, -23.663507435959463],
           [-46.72861095420773, -23.663192979948967],
           [-46.72831054679806, -23.662013763174187],
           [-46.72955509178097, -23.661777918543077]]],
         [[[-46.73161502830441, -23.670621801062435],
           [-46.73213001243527, -23.671958157939564],
           [-46.73165794364865, -23.673215893106757],
           [-46.7309283827966, -23.67282285216723],
           [-46.73084255210812, -23.671918853520555],
           [-46.730499229354216, -23.67073971545415]]],
         [[[-46.82618841728812, -23.65488099592448],
           [-46.82545885643607, -23.656001313214635],
           [-46.82453617653495, -23.655647529843865],
           [-46.82449326119071, -23.654998924512157],
           [-46.8242572267974, -23.65431100625188],
           [-46.82505116066581, -23.653957218309284]]],
         [[[-46.8100022430879, -23.534335934308473],
           [-46.80807105259718, -23.536735999299815],
           [-46.8050669785005, -23.53512284568786],
           [-46.80601111607374, -23.533391634439962],
           [-46.80772772984327, -23.533942476853646],
           [-46.808886444137705, -23.532801443580247],
           [-46.810173904464854, -23.5333129424783]]],
         [[[-46.45502038126593, -23.47196574304911],
           [-46.45227379923468, -23.473658397823844],
           [-46.44939847117072, -23.470784808253867],
           [-46.45300336008673, -23.469446402709355]]],
         [[[-46.528476395216195, -23.454532828615026],
           [-46.528218903150766, -23.452367487482967],
           [-46.529956974592416, -23.448922553424545],
           [-46.5308367391493, -23.448331984278823],
           [-46.53203836878797, -23.44843041265312],
           [-46.53304687937757, -23.45183598923306],
           [-46.532403149214, -23.45398165424074]]]]),
    bare_2022 = 
    /* color: #bf04c2 */
    /* shown: false */
    ee.Geometry.MultiPolygon(
        [[[[-46.56481636470247, -23.439494342595218],
           [-46.564773449358235, -23.439829021154228],
           [-46.56385076945711, -23.439809334203627],
           [-46.56346453135897, -23.439710899406656],
           [-46.56346453135897, -23.439376220548507]]],
         [[[-46.53140338601127, -23.43657610444326],
           [-46.531499945535806, -23.43696000884279],
           [-46.53142484368339, -23.437304537482692],
           [-46.531285368814615, -23.437186413478763],
           [-46.53108152092948, -23.43653672956999]]],
         [[[-46.51190116204173, -23.423871272571674],
           [-46.51193334854991, -23.424097699622795],
           [-46.51185824669749, -23.42419614604585],
           [-46.511772416009016, -23.424265058498378],
           [-46.51167585648448, -23.42428474776394],
           [-46.51167585648448, -23.424402883295716],
           [-46.511590025796, -23.4244914848753],
           [-46.51146127976329, -23.424353660170308],
           [-46.51145055092723, -23.42399925312646],
           [-46.511590025796, -23.42400909777939],
           [-46.51174022950084, -23.423851583244563]]],
         [[[-46.49208055747025, -23.421577446241905],
           [-46.49139391196244, -23.422128755772626],
           [-46.49139391196244, -23.421577446241905],
           [-46.491265165929725, -23.421065513905734],
           [-46.49143682730668, -23.42084892655167],
           [-46.49158703101151, -23.42041575077957],
           [-46.49208055747025, -23.41998257358888],
           [-46.49285303366654, -23.419962883682867],
           [-46.49341093314164, -23.41998257358888],
           [-46.49366842520707, -23.42035668124619],
           [-46.49341093314164, -23.420671718452727]]],
         [[[-46.47340186073426, -23.415857284461023],
           [-46.47368081047181, -23.416211713320376],
           [-46.47365935279969, -23.416467689128293],
           [-46.47346623375062, -23.4166645932589],
           [-46.47320874168519, -23.416467689128293],
           [-46.47323019935731, -23.415995118019147]]],
         [[[-46.45688259727219, -23.459354600658227],
           [-46.45671093589524, -23.45880344641048],
           [-46.456775308911595, -23.458586920897954],
           [-46.45698988563279, -23.45846881592327],
           [-46.4572259200261, -23.458842814647333],
           [-46.45733320838669, -23.45911839197665]]],
         [[[-46.45437204963425, -23.45510277973527],
           [-46.45422184592942, -23.45596890250878],
           [-46.45368540412644, -23.456008271590765],
           [-46.45321333533982, -23.456205116824684],
           [-46.45265543586472, -23.45624448583625],
           [-46.45233357078293, -23.45657912196071],
           [-46.452011705701146, -23.456441330718047],
           [-46.45190441734055, -23.45573268777029],
           [-46.45271980888108, -23.45541773412838],
           [-46.45295584327439, -23.45553584183212],
           [-46.45314896232346, -23.455260257025724]]],
         [[[-46.43525339368023, -23.456954401608723],
           [-46.435339224368704, -23.45732840462245],
           [-46.43445945981182, -23.45766303799993],
           [-46.43448091748394, -23.45732840462245],
           [-46.43448091748394, -23.456974086004283]]],
         [[[-46.43739916089214, -23.45972987241766],
           [-46.43714166882671, -23.46043849391263],
           [-46.43699146512188, -23.46150141902346],
           [-46.4364550233189, -23.46152110274109],
           [-46.43626190426983, -23.46142268412355],
           [-46.43651939633526, -23.46002513183613],
           [-46.436819803744925, -23.459395244278497],
           [-46.43739916089214, -23.459080299372754]]],
         [[[-46.433815729648245, -23.461836041824164],
           [-46.43370844128765, -23.46148173530288],
           [-46.43368698361553, -23.461186479142064],
           [-46.43394447568096, -23.461284897935716],
           [-46.43411613705791, -23.461639204985296]]],
         [[[-46.44297104556919, -23.47726037095609],
           [-46.44322853763462, -23.477575272478582],
           [-46.443292910650975, -23.47810666709316],
           [-46.44297104556919, -23.47812634833408],
           [-46.44258480747104, -23.477909854522547],
           [-46.442305857733494, -23.47761463511603],
           [-46.44170504291416, -23.477299733687502],
           [-46.44116860111118, -23.47716196407616],
           [-46.441297347143895, -23.476768335822285],
           [-46.441511923865086, -23.476807698700522],
           [-46.4416406698978, -23.477063557122797],
           [-46.442069823340184, -23.477024194320904],
           [-46.442541892126805, -23.477201326836934]]],
         [[[-46.36411099031532, -23.405453045027613],
           [-46.36436848238075, -23.405768117719802],
           [-46.363209768086314, -23.406240725351882],
           [-46.361943765431285, -23.406733023174237],
           [-46.361450238972544, -23.406910249942047],
           [-46.36102108553016, -23.40653610426502],
           [-46.3605061013993, -23.406457336619304],
           [-46.360720678120494, -23.406102881633498],
           [-46.361192746907115, -23.4060634976876],
           [-46.36160044267738, -23.4062210334009],
           [-46.362973733693, -23.405846885775667]]],
         [[[-46.34699032825155, -23.39628509112947],
           [-46.34675429385824, -23.39697435939748],
           [-46.34647534412069, -23.39742730516301],
           [-46.34621785205526, -23.397663624077822],
           [-46.34578869861288, -23.397584851153084],
           [-46.34529517215414, -23.39732883882405],
           [-46.34527371448202, -23.396954666068183],
           [-46.34578869861288, -23.3966789591505],
           [-46.34596035998983, -23.395773060950788],
           [-46.346389513432214, -23.39543827091742],
           [-46.346389513432214, -23.39595030239052],
           [-46.34668992084188, -23.396127543593042]]],
         [[[-46.404358036669414, -23.39797722452047],
           [-46.40425074830882, -23.398784642385],
           [-46.40328515306346, -23.39848924617642],
           [-46.40244830385081, -23.398213542453856],
           [-46.40255559221141, -23.39799691769769],
           [-46.402834541948955, -23.397918144971218],
           [-46.40304911867015, -23.397209188324283],
           [-46.40330661073558, -23.3973470413029],
           [-46.40380013719432, -23.397799985793654]]],
         [[[-46.40716899171702, -23.400419156160464],
           [-46.407362110766094, -23.400576698590726],
           [-46.40704024568431, -23.401009939307375],
           [-46.40744794145457, -23.401344715253803],
           [-46.40663254991404, -23.401758260842392],
           [-46.40605319276683, -23.401935494270653],
           [-46.40564549699656, -23.401620412456392],
           [-46.40654671922557, -23.400694855290407]]]]),
    notbare_2022 = 
    /* color: #ff0000 */
    /* shown: false */
    ee.Geometry.MultiPolygon(
        [[[[-46.40185721762355, -23.40275892992565],
           [-46.40462525732692, -23.403428472126578],
           [-46.40569814093288, -23.40494477576884],
           [-46.40138514883693, -23.406776132334908],
           [-46.400226434542496, -23.406323218553236],
           [-46.399754365755875, -23.40382231889823]]],
         [[[-46.39599682169399, -23.401788371025663],
           [-46.39226318674526, -23.401926219236795],
           [-46.391426337532614, -23.400843122282897],
           [-46.394408953957175, -23.399622166001965],
           [-46.39745594339809, -23.39930707868241],
           [-46.3982498772665, -23.40109912781711],
           [-46.39709116297207, -23.401965604413608]]],
         [[[-46.44232540760459, -23.39961414699101],
           [-46.44206791553916, -23.402528669326326],
           [-46.43816261921348, -23.40392682956541],
           [-46.438033873180764, -23.40048063330599],
           [-46.4391925874752, -23.398629496568176]]],
         [[[-46.47942701844216, -23.405502667944454],
           [-46.47938410309792, -23.406566034876157],
           [-46.47886911896706, -23.407865693969057],
           [-46.47539297608376, -23.407727851942987],
           [-46.474770703592306, -23.406605418672548],
           [-46.47485653428078, -23.40510882617225]]],
         [[[-46.4976060286426, -23.409687182228637],
           [-46.498528708543724, -23.410908045675228],
           [-46.49786352070803, -23.4130346841356],
           [-46.49745582493777, -23.41356633841038],
           [-46.4951383963489, -23.412365190528693],
           [-46.49292825612063, -23.41169569353446],
           [-46.49389385136599, -23.40937211886572],
           [-46.49736999424929, -23.409450884776774]]],
         [[[-46.5148009633333, -23.42105747510057],
           [-46.51585238926714, -23.42235699185614],
           [-46.51561635487383, -23.423774631936553],
           [-46.51512282841509, -23.425546660667838],
           [-46.51499408238237, -23.426964266556638],
           [-46.51252645008867, -23.426767377758637],
           [-46.513406214645556, -23.42487723038226],
           [-46.513685164383105, -23.422534197697185]]],
         [[[-46.55903883960395, -23.431279143549116],
           [-46.55659266498237, -23.43539391803633],
           [-46.557386598850776, -23.43706735427443],
           [-46.555691442753364, -23.437756410096483],
           [-46.553652963902046, -23.435807357195188],
           [-46.55324526813178, -23.435059228246285],
           [-46.552665910984565, -23.435078915904455],
           [-46.553159437443306, -23.432558871825183],
           [-46.55345984485297, -23.431042884666617],
           [-46.55708619144111, -23.43078693706746]]],
         [[[-46.59007826335362, -23.45236322342479],
           [-46.590164094042095, -23.454036444743853],
           [-46.58885517604283, -23.454489195103612],
           [-46.58810415751866, -23.4539577053924],
           [-46.58750334269932, -23.453741171933853],
           [-46.58679523951939, -23.453485268297833],
           [-46.58503571040562, -23.45293408955143],
           [-46.58570089824131, -23.45000099253302],
           [-46.5894989062064, -23.452579759142612]]],
         [[[-46.596193274654205, -23.45699974199993],
           [-46.59464832226163, -23.455858042428996],
           [-46.59239526668912, -23.454381692141787],
           [-46.593704184688384, -23.453180915070323],
           [-46.59647222439175, -23.453338394652558],
           [-46.597931346095855, -23.455326558227036]]],
         [[[-46.75744779977242, -23.473367696447376],
           [-46.758992752165, -23.47523746838938],
           [-46.75856359872262, -23.477992873476204],
           [-46.75667532357613, -23.476379000336564],
           [-46.75573118600289, -23.475513011487905],
           [-46.75446518334786, -23.474961924715373],
           [-46.75482996377389, -23.47374165295566]]],
         [[[-46.75253441811051, -23.47793343963676],
           [-46.75390770912613, -23.47952761272969],
           [-46.75302794456925, -23.480491979692044],
           [-46.750860719685214, -23.482105802508812],
           [-46.74918702125992, -23.479724422886495],
           [-46.75077488899674, -23.47876005031221],
           [-46.75079634666886, -23.47793343963676]]],
         [[[-46.75454146090105, -23.492746940604658],
           [-46.75117260637835, -23.492530470795927],
           [-46.75016409578875, -23.48963761287166],
           [-46.75082928362444, -23.487472847731475],
           [-46.75477749529436, -23.487768045070823],
           [-46.75539976778582, -23.489854087430746],
           [-46.75554997149065, -23.49138907865304]]],
         [[[-46.742277732197216, -23.496014281158228],
           [-46.742299189869335, -23.497883732006198],
           [-46.74217044383662, -23.500717375358708],
           [-46.73910199672358, -23.50113060992317],
           [-46.738072028461865, -23.50032381742579],
           [-46.73637687236445, -23.497647592309747],
           [-46.74047528773921, -23.49619138816515]]],
         [[[-46.77074566566847, -23.51339967933464],
           [-46.771131903766616, -23.51572142365939],
           [-46.769372374652846, -23.51812182813848],
           [-46.76686182701491, -23.518731760008663],
           [-46.766647250293715, -23.51711838568769],
           [-46.76323548042677, -23.516272340032074],
           [-46.76679745399855, -23.51338000336035]]],
         [[[-46.78541956354239, -23.51092005590359],
           [-46.785827259312654, -23.513104111899036],
           [-46.782544235478426, -23.51503234744574],
           [-46.781321148167635, -23.512946703669108],
           [-46.78344545770743, -23.51215965969727],
           [-46.78323088098624, -23.511097142874167]]]])
